%==========================================================================
%EDU TOTAL
%==========================================================================

% %saline mean
tptvals=[33.16,58.22857143,35.96,20.555,6.665,1.175,1.08
    ;3.298,19.36142857,57.98,45.1,13.78,1.5525,2.4
    ;1.78,12.06142857,42.42,35.46666667,11.53,4.975,1.6575];

% %saline standard deviations
sigmas=[8.37275343,7.787749843,11.06494465,7.329594122,7.704707003,0.862187141,0.929874544
    ;2.69389495,18.67953642,8.302228616,13.54518365,8.847734173,1.315405514,2.963252717
    ;1.522120232,7.856251075,2.338161671,11.7607256,6.415225639,3.380271192,1.04442568];

%chitosan mean
tptvals=[51.575,65.75714286,36.13333333,10.80333333,1.845,0.465,0.9235
    ;16.835,66.88571429,44.65,19.84666667,1.815,0.625,0.84825
    ;3.4,49.28571429,54.96666667,28.08833333,6.656666667,1.49,0.96];


%chitosan standard deviations
sigmas=[4.598822313,13.75728379,13.97349873,4.525579153,1.017757338,0.263375524,0.77122997
    ;12.92210122,13.35482791,13.22176236,10.70403039,1.343424728,0.371079506,0.649316756
    ;0.721433758,10.86392019,12.99194622,10.93791647,3.881384633,1.206482491,0.437035468];

%Alginate mean
tptvals=[32.65,60.475,37.225,24.52,8.445,3.795,0.803333333
    ;1.6425,16.59,43.2,50.88,18.4375,10.615,2.106666667
    ;1.9475,12.64,27.31,49.36,25.55,15.9275,1.71];

%Alginate standard deviations
sigmas=[10.44014687,20.67194153,14.83203178,7.096971185,7.807451569,3.902396699,0.596517672
    ;1.453808218,22.55523295,10.60974395,18.71608934,16.0445845,8.897301089,1.788919599
    ;1.501074615,7.218550178,20.31706344,15.95769407,12.6747781,12.72908841,0.775822145];